

Sample:                                                                 
Filename: C:\Users\ueen_nuclear\Desktop\Deimos\\b152Eu1011M2_p3.Chn
File created or changed:   27/10/2022
No.of channels: 16100
Measurement date: 27/Oct/22     14:04
Evaluated : 27/10/2022 15:23:51
Live time:  1737.0 s   Real time:  1856.0 s    Dead time:  6.41 %
Counts total:   7798134    Input counts/sec:   4489
            Satellite peaks:
s10: 0.000  s11: 0.000  s12: 0.000
d10:   2.5  d11:   4.0  d12:  10.0
s20: 0.000  s21: 0.000  s22: 0.000
d20:   0.0  d21:   0.0  d22:   0.0
base: 0.00000

            ENERGY CALIBRATION
 6.583305948078E+0000  4.926059809399E-0002  0.000000000000E+0000  0.000000000000E+0000

            FWHM CALIBRATION
 2.288496775628E+0001  1.148914090875E-0003  0.000000000000E+0000

Energy: preliminary linear calibration
FWHM: preliminary linear calibration

  channel  cherr    energy      area aerr%  fwhm chisq it left   n  lim isotope
==============================================================================
 2338.726  0.015   121.790  960916.8   0.2 30.64 35.46  29 2246 189 6138
 4837.398  0.039   244.876  183248.2   0.4 32.31  3.33  10 4749 173 3463
 5877.715  0.343   296.123    8559.3   3.4 33.05  0.95   9 5782 169 1813
 6860.656  0.024   344.543  456487.9   0.2 34.80 17.15  13 6771 188 7515
 7338.144  0.225   368.065   14098.1   2.1 35.74  1.05  10 7244 159 1772
 8217.718  0.121   411.393   30787.3   1.1 35.41  0.98  12 8117 194 2009
 8884.347  0.103   444.232   40729.4   0.9 36.61  1.38  13 8785 194 2696
 9790.646  0.566   488.876    4829.0   4.9 38.65  1.04  16 9684 196 1713
11319.932  0.670   564.210    5120.5   5.4 39.43  0.90  16 11211 204 1939
11368.664  2.601   566.611    1576.7  12.2 39.49  0.90  16 11211 204 1827
11771.120  0.642   586.436    4642.4   5.3 40.93  0.85  30 11655 192 1851
13567.714  1.498   674.937    1660.5   8.0 40.73  0.89  12 13446 289 1647
13644.213  0.673   678.705    3972.4   5.1 40.82  0.89  12 13446 289 1688
13846.937  0.429   688.692    7144.9   3.4 42.18  1.17   9 13729 206 1857
14468.280  1.143   719.299    2416.5  10.2 39.30  0.87  17 14414 117 1581
15601.560  0.059   775.125   96391.5   0.5 36.48  1.65  14 15480 214 3883
