Sample:                                                                 
Filename: C:\Deimos\b1enrchU_1_p3.Chn
File created or changed:   11/4/2022
No.of channels: 16100
Measurement date: 03/Nov/22     08:49
Evaluated : 11/18/2022 10:08:53 AM
Live time: 86339.0 s   Real time: 86400.0 s    Dead time:  0.07 %
Counts total:   3943530    Input counts/sec:     46
            Satellite peaks:
s10: 0.000  s11: 0.000  s12: 0.000
d10:   2.5  d11:   4.0  d12:  10.0
s20: 0.000  s21: 0.000  s22: 0.000
d20:   0.0  d21:   0.0  d22:   0.0
base: 0.00000

            ENERGY CALIBRATION
 6.583305948078E+0000  4.926059809399E-0002  0.000000000000E+0000  0.000000000000E+0000

            FWHM CALIBRATION
 2.288496775628E+0001  1.148914090875E-0003  0.000000000000E+0000

Energy: preliminary linear calibration
FWHM: preliminary linear calibration

  channel  cherr    energy      area aerr%  fwhm chisq it left   n  lim isotope
==============================================================================
 1149.616  0.364    63.214    6011.4   4.7 25.41  1.07  15 1080 130 1647
 1348.008  2.253    72.987     966.7  16.9 24.88  1.50  22 1263 362 1689
 1389.671  1.417    75.039    1602.5  10.5 24.93  1.50  22 1263 362 1793
 1574.953  0.220    84.166   13089.6   2.9 25.15  1.50  22 1263 362 2143
 1692.704  0.310    89.967   11252.3   2.2 28.69  3.11  14 1609 302 2438
 1747.092  0.078    92.646   71530.3   0.6 28.76  3.11  14 1609 302 3272
 1787.004  0.073    94.612   77471.0   0.6 28.80  3.11  14 1609 302 4199
 1864.390  0.042    98.424  135255.2   0.5 28.89  3.11  14 1609 302 3655
 2009.368  0.517   105.566    9532.6   2.9 39.42  1.92  13 1930 344 3039
 2080.336  0.462   109.062   18168.1   2.1 39.50  1.92  13 1930 344 3346
 2122.903  0.117   111.159   86212.6   0.7 39.55  1.92  13 1930 344 4814
 2191.091  0.164   114.518   35111.0   1.0 39.63  1.92  13 1930 344 3758
 2322.283  1.288   120.980    1794.1  15.9 27.32  0.83  13 2236 141 1769
 2786.501  0.101   143.848   32937.5   1.3 27.02  1.07  27 2641 209 2257
 3185.575  0.147   163.507   20134.4   1.8 27.56  1.12  10 3103 143 2045
 3639.967  0.025   185.890  287642.6   0.3 27.96  1.37  10 3555 156 4529
 3827.483  0.578   195.127    3508.1   4.1 28.02  0.90  12 3744 381 1475
 3974.495  0.341   202.369    6313.6   2.4 28.19  0.90  12 3744 381 1494
 4039.028  0.102   205.548   28920.2   1.2 28.26  0.90  12 3744 381 1666
 5116.263  0.739   258.613    2636.7   7.9 31.00  0.99  10 5023 177 1332
10250.547  1.568   511.531    2320.4   9.5 59.14  0.94  10 10142 185 1790
11434.154  1.715   569.837     704.6  17.1 33.04  0.93  11 11324 199  805
14892.989  3.218   740.221     501.6  14.0 40.03  1.17  11 14769 245  825
14947.517  0.514   742.907    3684.8   4.2 40.09  1.17  11 14769 245 1149
15398.304  0.184   765.113   12664.2   1.6 38.11  1.01  12 15276 222 1257
15728.092  0.560   781.359    1949.0   6.2 29.69  1.20  14 15602 220  775
